A = [12, 34, -4; 34, 7, 87; 3, 65, 7]
B = [1, 3, -1; 2, 0, 3; 3, -2, 7]

% (1)
A * B
% ans =
% 
%     68    44    62
%    309   -72   596
%    154    -5   241

A .* B
% ans =
% 
%     12   102     4
%     68     0   261
%      9  -130    49

% (2)
A^3
% ans =
% 
%     37226   233824    48604
%    247370   149188   600766
%     78688   454142   118820

A.^3
% ans =
% 
%      1728    39304      -64
%     39304      343   658503
%        27   274625      343

% (3)
A / B
% ans =
% 
%     16.4000   -13.6000     7.6000
%     35.8000   -76.2000    50.2000
%     67.0000  -134.0000    68.0000

B \ A
% ans =
% 
%    109.400  -131.200   322.800
%    -53.000    85.000  -171.000
%    -61.600    89.800  -186.200

% (4)
[A, B]
% ans =
% 
%    12   34   -4    1    3   -1
%    34    7   87    2    0    3
%     3   65    7    3   -2    7

[A([1, 3], :); B^2]
% ans =
% 
%    12   34   -4
%     3   65    7
%     4    5    1
%    11    0   19
%    20   -5   40