A = [1:3; 4:6; 7:9]

A.^2
% ans =
% 
%     1    4    9
%    16   25   36
%    49   64   81

A^2
% 
% ans =
% 
%     30    36    42
%     66    81    96
%    102   126   150